tuba
cryptext100
12 1 126 98 96 27 122 82 86 102 18 124 32 40 71 51 91 108 94 17 113 47 64 66 65 7 6 76 5 99 77 81 54 35 56 39 25 3 87 101 61 68 14 112 24 107 97 19 104 59 75 33 21 125 78 15 120 119 36 44 83 38 46 103 84 95 57 22 37 23 70 89 31 79 121 110 11 2 100 42 30 52 72 53 67 29 106 43 74 69 45 26 93 111 48 80 116 114 49 4 88 16 90 127 20 8 85 55 41 123 92 10 13 105 63 58 0 60 109 34 50 73 115 117 62 28 9 118 
227 158 168 167 135 196 240 188 234 169 218 146 178 139 136 254 203 233 171 212 224 177 181 226 220 228 132 185 222 133 183 182 217 170 159 161 231 216 187 245 150 197 201 195 145 186 190 156 238 215 153 243 131 184 172 244 210 205 242 202 206 219 235 211 163 199 154 193 209 147 204 247 143 149 249 173 208 252 179 174 176 180 164 230 191 137 162 255 200 141 229 250 248 134 241 225 166 237 232 213 151 155 239 251 246 236 157 130 165 142 129 144 189 175 253 223 221 198 192 160 140 194 128 152 138 148 214 207 
enes
1234Enes
66 87 3 2 103 100 58 45 78 0 123 17 76 9 96 42 84 116 49 61 92 106 124 63 102 27 125 107 18 25 50 38 110 90 46 16 36 7 20 44 6 73 34 57 22 94 99 23 126 71 56 4 47 37 72 98 69 80 88 14 111 64 104 109 11 119 8 108 83 1 12 68 122 101 81 28 117 13 52 120 26 82 77 86 91 115 55 51 59 95 43 74 10 21 89 5 75 97 79 127 15 67 85 41 114 70 29 105 33 31 60 53 62 48 19 30 39 118 112 54 65 24 113 121 32 35 40 93 
172 218 205 162 243 247 203 168 242 240 193 221 201 173 141 224 214 206 213 133 184 167 225 176 155 137 195 154 241 148 252 235 174 207 164 166 226 208 131 212 253 143 151 129 181 245 204 215 179 159 138 255 250 187 248 254 251 234 233 191 178 140 130 190 209 219 183 147 170 171 236 158 239 136 188 194 222 160 152 157 246 197 135 223 142 220 249 139 216 177 180 156 149 132 175 196 150 210 217 128 200 145 228 169 211 186 165 134 146 182 244 232 227 237 202 238 230 198 199 192 185 163 229 144 189 161 231 153 
mert
123mert123
117 63 26 83 102 98 56 61 92 66 44 68 76 55 32 123 90 121 84 14 57 103 22 29 77 41 49 38 34 108 0 107 126 35 7 87 122 59 125 48 36 119 58 16 33 27 45 60 71 69 51 94 8 11 10 25 64 70 120 31 5 30 17 52 106 73 93 12 18 111 42 72 62 104 47 74 118 50 46 19 110 54 116 65 115 95 81 24 86 21 9 127 112 109 100 97 101 89 4 67 85 96 40 99 20 124 88 39 23 78 15 13 3 2 6 113 1 105 75 37 82 79 28 91 43 114 80 53 
180 135 237 137 161 179 226 169 238 246 249 163 220 248 245 234 171 173 174 144 221 167 227 207 255 155 133 229 250 143 138 232 201 217 212 205 208 186 218 188 141 178 172 187 195 185 210 134 149 206 254 193 160 223 216 158 233 194 145 235 247 170 202 150 198 243 199 209 139 225 190 214 236 176 240 154 191 147 131 211 219 140 164 132 159 222 239 200 183 204 228 230 244 162 251 151 181 184 148 253 241 252 175 197 166 157 153 203 152 146 213 192 136 182 128 165 142 130 242 189 196 156 224 168 177 215 129 231 
mislina
mislina12345..
13 38 97 113 80 43 3 57 111 90 35 26 65 60 87 59 91 83 44 48 116 110 55 81 63 99 66 70 124 75 112 122 27 72 103 25 5 40 12 36 47 24 69 61 105 19 62 82 42 114 54 67 14 32 28 92 84 7 11 52 71 4 29 115 96 22 102 41 17 78 127 9 34 31 10 104 109 123 68 37 23 49 21 86 93 53 51 95 18 79 45 39 100 107 125 118 30 73 58 101 2 94 89 77 16 50 76 117 74 15 98 56 85 120 0 1 106 121 46 6 20 108 88 8 119 126 64 33 
141 157 130 151 135 221 146 250 205 163 202 200 211 162 248 238 140 229 169 177 246 212 195 147 219 153 218 245 216 231 192 196 249 225 191 149 198 131 170 187 206 239 143 185 172 184 241 190 142 235 237 210 213 139 255 164 253 161 203 165 171 199 182 133 158 197 132 215 183 155 254 251 174 152 217 150 173 159 186 193 154 224 201 136 175 207 179 208 148 167 232 189 243 166 194 227 247 230 188 234 204 226 144 222 128 156 160 220 236 228 223 145 240 137 242 134 233 129 181 138 168 180 178 209 176 252 214 244 
selim
inf212
98 103 8 45 44 127 67 116 28 11 20 39 31 32 111 14 23 41 46 2 114 65 82 108 90 64 73 113 85 5 61 48 12 110 119 29 75 115 69 117 95 6 13 76 126 66 51 19 54 125 37 121 3 52 25 49 88 55 27 62 118 86 99 42 26 47 78 15 109 70 81 102 33 36 107 79 96 18 63 17 16 59 0 77 34 1 89 124 43 123 74 112 92 72 80 35 83 57 93 97 94 50 101 53 87 58 24 120 38 22 91 7 68 30 40 84 122 100 71 106 105 4 21 10 9 56 104 60 
187 129 249 173 207 159 240 171 185 182 218 206 251 139 152 140 250 181 254 145 245 221 194 168 204 189 153 146 190 255 243 233 176 138 141 177 197 219 230 198 212 205 179 158 222 216 172 224 196 178 151 150 209 188 199 236 252 228 160 167 164 180 130 237 242 149 132 142 225 215 161 166 191 169 246 134 135 217 223 143 136 229 175 157 170 162 154 144 231 200 202 192 163 184 213 244 201 203 174 214 247 156 232 210 253 211 227 137 195 131 183 148 226 165 248 220 235 155 241 186 208 239 193 234 133 238 128 147 
